 prb_c
schedule: STATIC,100
0.786905
1.373484
1.153900
0.879165
0.746771
0.697328
0.645034
0.611124
0.516203
0.524523
0.482338
0.492639
0.486579
0.508165
0.467256
0.514505
schedule: dynamic,100
0.785215
1.738721
1.611988
1.218400
1.038174
1.221765
1.030293
0.999854
0.947153
0.896191
0.868747
0.855918
0.825700
0.754442
0.754829
0.764079
 prb_c
schedule: STATIC
0.786115
0.511307
0.417167
0.362560
0.315956
0.301497
0.305050
0.288386
0.284357
0.246298
0.277887
0.318938
0.301703
0.291804
0.289515
0.294995
schedule: dynamic,100000
0.782410
0.410262
0.397826
0.350315
0.365253
0.349236
0.372673
0.348425
0.361254
0.361481
0.361020
0.372595
0.369843
0.364660
0.370100
0.323304

